-9394
1383
8099
-326
-4808
-7351
-6095
7911
1711
6848
-9361
-9979
8948
-5386
-6157
-2188
-5298
-8349
6321
-3364
-20
-9642
2244
-5697
-9828
-7510
5365
-6734
3762
-9515
9970
-5385
-3540
-6085
-453
-4203
8567
-8083
267
2918
2941
302
3108
-524
-5267
-4890
2257
-6839
-6925
-6927
-4749
-8621
6657
-7466
-3764
152
7179
6666
1591
5458
5566
6846
-1787
-5181
-3675
-4629
-4870
1205
-2225
-3082
884
-47
-6971
2978
-831
6215
509
-577
-9031
1762
7947
931
-9887
-8024
-4697
-3705
-14
1589
5119
7321
2714
-549
1870
3295
-4103
-7889
-3483
-6382
8899
-4299
6871
205
4092
-6813
-4952
554
-2326
-3357
4122
-8645
-2526
-107
-3882
-6539
-1246
-8537
8956
4730
-1564
-4776
1072
-7998
-8590
-8133
104
5931
-9492
703
9621
-6708
7570
7983
9316
-2913
5223
-3298
2394
9069
6705
3739
1519
-8941
3590
6528
9188
-7181
-4617
2377
-6002
-4482
-4598
-5913
-8399
8216
2788
2095
6906
-3514
-7744
-8247
-5707
9192
-2299
-2287
7883
-3338
2712
1500
5838
2751
-3020
-5641
8816
36
-6559
-6140
4096
8315
-1647
2360
7684
-5199
-105
-2678
1004
5453
-5355
2028
8587
1061
9453
9373
-6572
5521
-6225
4959
-5082
-2314
4844
-2459
5178
-6932
7177
3893
2839
6405
9540
-3754
244
1375
-6844
6359
-4140
-4316
7274
-1932
4152
2619
5399
2728
4203
-2110
4568
3016
-3355
9819
-9235
8356
6281
3684
5235
7251
4674
4213
8043
4959
2868
-5952
9940
-3597
-1819
8847
9918
3155
-5923
-3902
9193
-5808
3878
-9943
-1356
-9846
-5062
-481
-8245
3222
8026
46
7941
2780
-7191
-2278
-4906
163
-5470
-2768
-7543
-4946
-124
1153
-1875
-7204
2772
-9663
-7753
5957
-8887
2595
-6938
-5414
2599
-6427
-3922
-8625
-6152
9764
-5517
7131
9266
-2080
-3887
-9006
-3156
2713
-3260
428
4805
-8969
-4250
-2861
684
1792
-2235
9956
-8568
2491
9918
-579
-3350
-8979
-8858
-5860
1040
-5215
-4507
-452
8149
9898
1194
280
4370
3141
6845
7641
1110
-444
5287
2690
-243
-1103
6977
-7745
6734
4102
-630
8092
3121
-5772
-8726
5041
45
8853
273
6112
-4439
7222
550
-7869
-4597
6496
9324
1783
-6714
-7516
-8759
-9945
-116
-9113
-5816
-7295
-2467
-37
-1726
6922
7132
-3298
-8638
-8410
-3084
896
-3955
7473
1681
4479
2763
5610
3195
-3270
8527
5294
2261
-7180
-7347
8031
-4181
4110
-1044
8095
5691
6286
-1012
9166
-8299
2954
-480
-7192
4464
-6531
-7158
-5912
2516
-7189
-5049
-1944
4527
-4856
-4107
2241
-9420
6931
6340
8872
-9947
-4115
5659
7052
2771
-7262
-9609
9974
790
3878
-5599
1866
8952
-9427
-7383
7573
-3279
3343
2542
-464
-4397
8580
-8821
-2079
9872
5423
-9231
-3790
4084
9746
1974
-9908
-1848
-2060
9738
-5682
528
6240
6151
-2993
3004
-1556
-7331
3695
731
-5177
-6520
5296
1353
9976
1988
2553
7023
-5507
-3187
9790
202
-3813
3293
-1078
-256
3395
-1581
3458
-2427
5132
6689
-7568
5868
3970
7549
8708
-4104
-434
4028
2415
8371
1381
4107
3165
-5655
513
9605
-7497
3205
9547
5223
-5158
372
5606
8287
-1922
4949
-7952
6572
-2967
-9140
-8960
-4924
-5161
7988
-2175
-4190
959
-7521
-4807
2100
2247
-666
7184
5397
-1510
4264
-1758
969
-3683
-9572
-722
4498
2649
9970
4677
256
-8321
-5071
-9971
-6099
7996
-8187
-6637
-401
3769
9870
-1628
-8593
5314
6829
-9966
1780
-2297
2196
5194
9519
-9372
7285
-6783
-1894
8850
-9956
8384
396
459
4808
-5053
3210
9394
-6861
-7360
992
4259
2895
-5703
-2558
-1147
7811
2682
1706
-7629
-2908
1012
-5299
824
9736
-694
7596
3181
4072
3395
-5682
5921
4288
6796
-7707
-746
2216
-2589
-3548
1576
742
-1501
-3674
-8469
857
1517
7008
-207
-1624
3591
4022
-8397
9137
-7605
5646
-7664
-2361
-7388
7869
-8740
6523
-6047
-2106
-535
-5829
-8151
-4224
-96
4089
5817
-7555
1834
4285
844
-5235
-7262
3348
2340
3435
7606
566
4119
7134
-8034
-7140
-1512
7770
-9936
-3300
6382
-4928
4661
9245
-9263
-7579
5507
1236
9674
3871
-5707
-877
-2425
-6088
-4490
5557
6882
90
6907
-7541
-7653
8718
2710
7273
7115
-8003
8943
9460
9129
-861
8041
-3859
4899
7478
8001
-8673
8002
-1284
-5624
-2249
-2777
-4915
2066
-4949
708
4721
2563
3062
6594
-8904
1998
-3471
-6089
4963
-5821
4383
-3602
2663
-2038
-4888
171
-7270
6320
1740
8921
5001
-6155
-9862
6974
-7896
6653
-1119
6619
-9181
7421
-3475
3101
9108
-63
-4923
-2891
-885
-7810
5450
-9120
6963
-8858
8743
7616
4975
-6569
4655
7597
-9004
-1430
-5356
1609
-4832
-5841
-9355
9798
9671
-7823
8784
6546
2878
-6508
-4947
3706
-8204
-642
-171
-2681
-4441
-3893
8741
-2626
-2070
6907
-6919
5645
-6357
9808
9151
-9112
3199
-8241
-9888
-4128
1128
-1679
-7540
-1063
7255
636
3216
-2144
-436
-6619
7787
-9956
6787
-7613
7425
4126
-5682
-2145
9355
-8893
4441
5772
9929
-2373
3096
7900
434
2887
33
-1651
9926
665
-6464
-8159
6092
9220
-6515
4147
5174
-5086
-2786
3183
-6853
-2140
-5465
6176
3546
4076
2696
-816
-764
3125
2424
-6352
-2288
-2779
-2459
-4055
-6916
2429
5549
-9570
-8961
2711
1240
-7677
6220
334
6462
121
-6690
3554
-9019
1779
-5246
-7846
-7007
-2529
3571
6180
330
-4016
3317
1071
-8940
1167
2987
9756
2175
2555
-659
-3205
-2299
6154
6693
1968
5336
-3861
5330
8106
2357
-6123
-9940
-3987
-9745
295
-5707
-4589
-6596
9887
9775
6882
2739
785
-1416
2243
2398
6375
8849
-3429
-9571
-1423
4210
6522
6134
-6435
-6150
-4727
7190
-1843
-7959
-7231
-5647
-3689
-3035
8913
8226
-4285
-2554
9908
7738
3416
-1667
-3615
-922
-4524
359
1551
-8573
3883
-9874
7377
-1092
9683
-5583
9321
-7210
8286
1728
-2300
204
-7969
8826
1736
-3728
-1146
-7642
-6902
-7663
10
-3874
2523
3752
-2243
-3745
-5154
-2101
7000
4808
-2138
1265
4054
-2696
6016
9893
-1687
1622
-3289
-591
-699
-1076
-5647
8237
-8801
-2334
-6007
8261
6231
-6614
-6114
3338
-8376
-4394
-1269
-100
-9981
-4309
-9470
-3606
3826
-1378
1714
-7361
-35
-1101
7870
-3976
7088
-2032
-342
2740
5695
-5278
-2058
8741
6026
2541
9443
-1713
2649
8671
6520
-1285
7447
7827
-9836
1925
3328
3105
-2139
7971
-5638
-7593
4130
7242
-2335
-9621
779
-9358
5953
6642
6933
2752
2100
-8666
1165
-8213
7530
-7941
-6995
-2120
-6338
-5108
-1199
-2044
-4135
9379
-6983
-9256
-460
3823
-7333
4021
-9279
-8242
4073
-3139
-3491
-4528
-9200
9030
-9578
-6895
3178
-8550
-3372
-7614
-1906
-9536
8571
-297
-4251
5994
-2874
-1419
9728
8434
-733
-9361
-7285
-1536
9409
1200
-6254
-868
8092
-6439
5138
-9806
-8202
-264
1489
-6721
8052
131
6461
-6609
-6673
8068
-1405
-1420
-2156
-7574
1943
3285
-7044
-9241
7581
5858
-8048
5870
6597
7998
-1249
8851
-838
6882
-3505
6505
9517
5223
966
5937
-7110
515
-7012
-1296
6752
-5292
-5560
-8319
4305
-4135
8637
1466
-2684
-1429
-1918
241
-4363
7610
8783
-3896
6130
-5313
-9748
4477
1983
4805
4839
-9099
-4929
7631
-6067
-2768
-9954
5159
997
-9974
-6473
-1408
8368
6365
-8038
8082
-9442
6848
2476
-9266
3657
-5999
7782
1566
4136
-6549
-7545
1011
1096
3886
540
-3486
7296
5121
-8927
-3598
9762
4862
-7287
1113
2200
-9027
2571
-4135
-8193
9773
-8939
-8761
7115
-2773
8573
791
-9008
-721
-74
5912
-2698
-5166
2494
-3354
8345
2245
6132
-6431
-4110
-4667
-1634
9428
7603
9076
-4690
9131
-2360
3467
13
-6417
9912
-4915
6399
-3369
96
-9199
-6743
-2771
7455
6430
1847
-4338
4550
8676
-4522
-4928
3994
352
-5419
-7787
-5444
2484
949
8206
-3596
1156
-7961
-9628
4455
6029
-2778
2839
4941
-5524
4588
2780
-94
-3512
6998
-7074
4458
-9312
6052
6839
-6460
4770
585
9642
9448
9765
5160
4861
-3693
-5046
-1941
4501
7864
-3694
3119
-2906
-6274
7714
-2083
3507
3269
5387
-9568
-4865
8318
-5073
-5163
-846
-4786
887
-2833
2615
-3015
-1186
-5487
9523
8249
-4236
8086
-7627
-464
-9509
-1773
5373
-389
2907
7706
4743
5642
-7788
3812
-8374
3303
-6962
-4346
-1948
4293
-1165
-4594
7534
-7862
-5303
5351
4533
-9672
7670
-2592
5571
-8951
-1238
-695
7537
9340
-8780
6545
8923
-6560
4725
3970
-6275
-7538
-3025
3851
-9434
-4579
-2505
285
4393
-5614
-4439
-1715
-2445
-6698
7426
-6408
-3918
9413
1666
98
-6419
6631
-9831
-8282
-506
-7223
9233
-880
-6411
7431
39
3613
-7422
6389
-1292
4961
-4271
778
4765
-3800
426
-8748
-5960
5739
-7234
8255
2081
6770
-1540
-5192
3976
-1038
7052
7303
359
2432
7423
2703
-5370
5330
1620
7920
1536
8433
-9875
-1674
-3460
9635
-9927
-4113
-1600
-9941
-1624
-1281
-2598
3940
-936
7591
4421
4123
8106
853
-2960
5125
5864
164
-8060
-882
6025
-1220
-9152
4129
837
-6858
4918
7827
5191
3103
3330
7186
2379
188
-2376
5499
9932
-159
9125
8991
-3579
-3615
-8788
8270
-3167
5466
8472
-3462
5747
-3272
1536
3455
-4487
8918
-176
-2304
-8613
-1667
-101
-2498
-2290
3822
-9675
276
5861
-8746
-410
6578
7391
-7212
-8147
-2599
-6380
-2548
-1963
-4150
6476
-7765
-7538
-9264
643
-7371
1650
5516
-6621
-808
8439
-8031
-3233
-4985
8286
-8214
7241
-7254
-3556
4458
2234
7687
-9495
-706
6202
-885
-834
-2603
-7755
4915
-7352
-6047
-9112
6591
2711
9673
118
-2859
247
4154
-1720
2559
-2036
6366
547
-4208
-4306
-3442
184
-5903
-7684
-3733
1404
-1076
-7559
-813
-8092
2579
-2123
-9110
6782
9930
-1924
1342
-4441
-1013
-2239
2460
1572
-1529
-4117
9557
-988
7848
-6618
4675
-3125
-7587
-8126
-5921
5
-4051
-2673
320
-3742
-1794
2939
-1352
-948
-5716
-1856
6000
-3302
9258
2002
1662
-2766
4838
8779
2420
-129
5698
2506
7511
4417
-1426
4473
-5656
7571
1492
3470
52
-1420
4574
-9851
-1215
1592
5310
-3819
-5662
-8592
7631
-1841
-5921
-4017
-9699
-1869
-6515
-7808
-9046
-3833
-9654
2464
454
8653
153
4734
8919
-4370
2438
2544
4346
-3720
7210
-1637
4127
6300
4829
-7256
4194
2616
3401
5183
1243
-7125
-1476
-4148
-2760
6431
-9952
-8987
-2983
8689
-6148
-1297
-8167
-5821
-5119
-596
-7107
-7020
-5792
-1289
-8635
5581
-5718
-3844
4010
1319
-7586
-9652
-856
502
-9118
-5195
4869
-7821
6642
5334
-1943
3046
7713
-6872
4341
3803
-1875
8627
2435
1221
9681
6540
6648
-6027
3246
5075
7420
-1730
7362
-2114
8208
6581
8897
-5046
9558
4388
4815
5142
7317
6286
9923
-8485
-9280
-8470
3377
6138
8054
-8371
6981
8726
-6533
-7509
-7262
2908
6272
-8027
4736
-6041
-4355
8198
-8908
4793
-6307
7362
6864
-8565
-815
5768
-5243
1322
2529
1591
-8882
5172
-5871
5954
8513
1384
-2068
8891
3274
8512
-6937
-8945
-4752
5073
8016
-1918
-9278
-5685
-4289
-2655
-3266
8434
1459
-5947
7468
9232
2913
-8690
5030
1329
-9859
-9955
9781
-1286
7563
-9246
-9010
6993
-3713
-9553
1304
2378
6633
2550
8845
-8838
6594
-223
-7256
-5785
-2903
-5103
1366
2311
-9694
8680
5926
-4881
2948
-5199
1830
9236
1269
-93
1062
-8091
-7784
-8158
-5150
-9240
2296
-2182
-788
7076
9655
-2961
7115
-2615
-828
416
-5967
-5256
-9454
-3700
-8764
1203
-8047
-8002
556
-7586
-8486
3286
-5188
5499
7523
959
9417
3748
9935
-1983
1577
-9372
4521
-6710
514
-1668
6100
3319
4308
861
-8906
7439
8405
7759
-9700
-647
196
687
-6344
997
-75
3793
-7530
9370
-5950
-7190
6150
-4688
396
3964
7899
8209
-5176
-2423
-1825
-5667
4096
741
6986
-5109
-7799
1878
5791
3025
-8216
-4437
6096
-9038
-9189
-2081
-5076
7317
1958
-5241
5593
9752
-5040
-1382
4031
-2500
3223
8300
-4803
99
-6114
-7122
-6997
4501
8720
-8889
7271
5119
-1996
5613
5756
-4481
3546
-2570
-2012
8080
310
-627
-6388
5592
-5937
-8214
-8912
-2174
-7922
-3104
-4557
1368
-4139
-5010
-9495
7957
7396
-663
-9544
-228
-6356
-3594
335
-5577
-6489
-1014
9102
3045
2585
7670
-3351
403
9985
9891
2490
3728
6257
-7406
9436
-5659
2650
-3354
-9093
-944
-4466
-9217
-5895
-2894
-1341
-1658
-6810
-9804
7833
-2026
7972
-7200
-6898
9869
8185
-6501
-3873
3738
4472
-7015
5952
977
2151
-34
2096
-837
-3701
-9414
-467
8288
7746
-8384
-794
3436
-5707
-8303
2485
-4771
-3217
-2942
-9344
-7398
-8620
2137
-143
-5414
-7109
-7443
-6821
-1031
-7370
397
-1739
112
-7507
-174
-7520
6590
2335
5442
5399
-6155
-7203
9213
-9888
-2171
-2614
-4007
-7574
-8635
2468
-1244
-5865
-7267
3096
8444
-9197
4631
-3444
-5568
-5395
-8301
-5569
2329
7501
7858
-556
6591
9428
-3282
-6938
-5047
3985
918
-210
3751
-8953
-7817
-3232
6413
-982
-2504
-5745
-2391
-8701
-9869
-1745
7705
-3296
-8078
6543
-4459
-8456
-3679
-3640
-4810
7596
-6157
-8604
-3120
-5758
6403
3488
-3319
-1026
3766
-1113
2390
-9561
9800
-9634
7346
-9827
-1900
752
965
-3111
-7973
6172
8896
-5262
3686
2994
2917
3398
2036
8719
-7128
-6691
229
3552
-8588
9528
-3060
-5487
9769
8461
1144
-364
7470
9027
2993
1391
9698
4838
-58
7576
-9737
-808
-332
5418
1148
-4745
-9076
3820
-1245
6172
1950
7824
8609
1236
-2086
-4616
1830
9498
5204
-2711
7749
-1637
9944
-9366
-7692
3174
-8573
9820
8558
-7559
-833
-5133
1223
645
-44
786
-1308
-7941
3050
6616
-3183
-5311
2875
9713
9094
3451
-7190
8897
8848
1552
3832
-1135
9705
-8834
-1778
219
9978
8360
7477
-5802
-8129
-2259
8509
-8370
5886
1044
1275
-8580
134
-3237
6935
-4337
-1636
4909
-1546
-4029
8581
9922
8994
9784
7372
-6702
-2438
7067
-5929
-4947
5911
-7501
2065
-9910
7548
-4372
-2279
-8586
1526
5271
660
1456
9636
8088
3235
-9817
-7804
-3590
-1381
7903
3918
5616
-6336
-9712
308
7527
-6011
-4802
-4388
3397
-6988
-830
3086
5522
-867
-5489
-8398
2329
3172
-4445
-6434
-7718
526
2118
-3741
-1111
7450
-7017
-5017
-7015
6695
573
-3763
7156
-9425
-4956
-2990
3667
2418
721
1182
1286
-6304
-7947
-2611
6919
-9654
7086
-8929
8218
-6833
8890
6982
4856
5060
4493
-9339
674
3954
-7273
-1752
5170
6484
-693
5449
401
-3911
3431
2608
204
-7270
-5231
1219
155
-9589
8625
6774
1187
-7208
-9786
1615
-4302
8152
-8533
2292
2144
-9026
2326
588
3183
5248
-261
8435
-6362
-9124
1593
-88
-9530
3239
180
7132
1961
-7216
9223
9685
5458
1034
7956
-2818
-4352
-2324
5909
-9587
2390
-3636
-877
-3237
-3604
-223
-1311
-9418
-6779
-4607
5392
-573
-7585
-9772
-7746
-1889
-2407
-5726
-5549
-2904
-6796
2603
7979
4821
-5084
-2137
-7930
-9167
-8445
5547
5980
-1425
-5324
2153
8663
-4109
-1014
9185
4185
-5079
-9664
3384
-264
-59
7605
-5861
-2452
7528
1867
9511
-7270
-8371
6251
-9415
2565
1053
2255
8109
-4051
-9418
4698
-976
3965
2957
5333
2997
3566
-38
7755
4121
-2378
322
-4097
-9298
-2319
5769
-6343
235
2930
864
-1556
6767
-143
5520
-1496
1314
-8427
8241
-7884
6418
-9987
6608
-492
-9912
-4378
-1984
-846
3392
-9824
535
5003
5992
4295
-8275
5031
1233
2942
7823
8826
4681
-2528
2267
4717
5456
-9331
-9680
7040
-6881
-3650
5508
-6467
-1431
-4046
2050
5845
-7347
-8444
8845
8524
-3493
450
1129
-7497
-2352
-3679
-887
7086
-3102
8639
4853
-3178
-4895
-3189
-1930
-1531
5857
9261
1063
8932
-5853
4523
9603
-5478
-7322
8182
-8676
-4895
1382
-1378
3670
-3913
9764
-7072
-4362
-7249
5940
-1875
3978
-3480
9601
-5534
1564
-7277
871
8186
-8285
-107
1059
-6568
-5533
6323
-2358
8609
-8547
2145
3200
-2931
627
-8374
2840
-1286
-8447
8461
-8637
-4276
-4992
-3180
6704
9128
1900
-9675
5584
8705
7542
-4401
-3332
2804
1590
3304
9808
4163
3819
2934
-2917
5032
1810
-5227
-253
-7658
-8120
-2159
-1551
-437
-4775
7144
65
8231
5527
-7539
1491
-8476
-5943
-5121
6366
1550
1356
9452
-6617
1199
4486
5080
4909
9076
1188
8065
-4141
1617
6692
6889
-1815
6498
-1657
-9239
-5993
-1733
1874
-3060
8157
-9074
6797
-8845
-2116
-3500
2381
997
2229
9677
-5448
-6224
1922
9995
-8728
8089
-6897
-4113
6107
-9676
6503
-6617
8069
-3137
9385
-6588
-1039
-6128
2520
6285
-5444
-9081
5325
-6722
9447
-5345
-711
7588
-9033
1017
9399
-2309
-8552
-6072
8479
6078
-9698
7145
-9630
-9137
7045
-1437
-814
-2800
218
7605
-4420
-3913
8742
-1149
7517
1780
8688
3676
-6394
-6968
9853
2223
7140
-8358
8952
-9851
4449
-4706
-2476
-3279
-9011
-6350
2949
8128
2262
-3522
5651
1208
-38
-1838
-6049
5179
5501
6588
-3704
-1758
7736
5416
6311
-3076
4412
-7564
-2423
1429
4207
2563
-6377
6021
2071
-2992
6725
3136
-7620
-4281
4194
1876
4328
6479
-5733
3828
8704
3100
6112
1183
4461
4060
-5213
-9236
7663
1023
-2844
1174
8430
-97
2440
5182
5525
-2722
4608
6529
-9694
4355
-5691
-3925
9344
8411
-760
-9712
7351
-6040
9265
-5107
-3409
4741
6827
-3147
7618
-6898
8706
-1185
-907
-6071
377
6379
3082
6069
1548
1619
-3993
1546
5835
3593
-8627
857
-1431
5531
9953
3730
4285
3167
-7124
3879
-5308
-1959
-2597
-9762
-2756
-22
-8477
8447
-3272
1360
-9128
5981
-2614
-1125
-113
-5738
9805
3629
1579
2116
4167
-7956
2000
-3332
-4869
3834
-5281
8349
-4699
-5654
4462
9577
-5204
6478
2803
-9736
-9359
2887
-302
-6873
-6265
-9825
3589
-2165
-9738
-3497
-5309
3288
3881
-4746
8076
-1253
2745
-2328
358
7495
-1696
-1957
3125
6941
3105
-4742
8622
-9682
9195
-8867
-7515
2077
-7837
-6232
-484
7881
-7623
-5676
9787
-5475
9538
-9695
4711
8255
775
7823
-6392
-6077
-5337
3658
-9290
-2720
-1445
4965
-5968
156
768
2074
-2549
-6477
-5300
3128
-1861
4972
-5241
5466
1111
7489
-823
-7261
-7595
3455
4952
8913
2460
2336
8199
-6106
-984
-9444
-1219
-6678
3445
-2666
6104
-2757
-2457
3273
-8743
8692
-9379
-5219
7779
4740
-6562
1999
2640
2911
-7850
9791
8379
2389
-2756
8108
-9007
6814
4523
6098
-1761
-4711
-1151
1389
6855
-4770
8262
-1863
-4872
-9220
-2117
-3091
5257
-509
-122
6420
-9152
-6603
270
-524
5011
-9301
7624
-2952
5282
-4129
-4214
-2957
1459
8572
-1886
-6012
4152
-7199
-7235
1134
5112
-8532
-1822
-1951
-5784
8449
2698
264
9959
7432
-4337
-5834
9432
8702
6681
-894
-9197
-1324
8899
1003
6422
-6039
2856
-4966
3279
-7521
-3413
7825
1044
-2158
-5659
-9079
3657
-690
5123
7528
2502
1072
8151
3911
1702
4047
1009
-1861
905
9065
-478
8045
6398
9157
1829
8492
-6278
6421
-9555
236
8995
-9319
9120
-7632
2360
-5599
-5688
968
-4429
6567
-6769
-1046
6748
3079
-1737
2631
-2831
-7379
-2575
6867
4197
1852
-4285
2399
-5154
8947
-7774
5355
8810
-89
7487
6887
8263
1872
608
-9234
-6296
-4680
6531
9127
914
-4793
9990
6619
1464
4367
6992
8624
4512
640
-1596
-8790
3309
8707
-7892
-396
-8553
-7176
-2313
-1108
-6472
5225
6174
-4438
3187
4695
-6679
3741
1703
-7225
-6728
5572
-6170
-9265
5574
6304
-8544
-2839
5222
2532
-2161
-4246
581
4985
5473
675
1583
-8416
-4387
-7689
-6459
-3025
-9107
-9638
9862
-3511
-8489
-8553
-6219
-3313
-3101
-5168
-5622
-4906
-4375
-6123
1884
-5108
-9708
-2280
1914
-5013
-202
-1420
-746
-6610
-8285
7685
-2992
6967
-8618
220
8572
6081
-2132
-1103
9449
5714
-4373
5866
-5975
3370
2147
-4979
-8888
7092
-856
2295
2671
-7519
-2357
2964
1803
-5814
8392
1409
5871
-9658
6075
-4511
-7645
-4464
4816
5927
1707
-1989
-8075
3522
7388
8296
-3642
9526
7856
2095
1906
307
6395
-4330
-1079
-4670
-1121
-5930
-6778
-8175
2895
3088
8230
-9502
-397
-4743
-2807
-4193
5240
-6517
-2039
5931
-6323
-1458
690
33
-7578
8023
6364
5893
-5694
-9462
-3947
34
-5317
-2005
6665
-6936
-3851
1316
-1028
316
-8533
8493
-5530
-7602
8044
-5653
1545
3753
4189
663
-9936
-6091
-7870
6588
8302
3061
-1266
5070
6645
7850
4385
-5311
-9681
7364
5485
6275
-5156
-8852
9010
-8618
6470
5304
-2608
91
2519
-8021
-8397
9423
-4896
9067
5873
750
-9418
-5376
7902
-8461
-3690
-474
-857
5676
-5554
-7380
-3379
6363
-9593
3986
-9527
-3927
-8179
-6851
-6586
-2581
-5496
4771
5287
7965
-4553
-1561
-3885
-2555
-1263
3179
7690
-6733
4214
4791
8675
-9209
-6563
7306
9423
-1742
-1434
-6485
6153
1758
3270
2838
8529
8634
-576
340
2603
-7206
-7666
88
-4458
9256
-4585
-8661
8844
-4266
7784
7709
9190
-9401
4378
9891
-799
8936
2620
-103
6412
4424
-4058
-4252
7506
45
4028
-9297
9304
-5708
4172
-6101
-4845
-2072
3778
2068
-6842
-6584
3728
1295
688
9849
1731
-4634
4005
-3927
3559
181
2460
2575
7130
2702
-7467
4579
8268
-3618
4862
-4508
3503
9269
552
6102
-8811
576
1099
1790
-6218
2750
780
-3161
2466
-3669
1639
5153
-5524
4681
-9194
-9195
1239
1009
-686
-5420
6805
-9506
4867
-4728
5688
-1063
-9322
-5441
8906
5624
-254
-4633
-3552
5163
4531
2536
-3830
-4755
7081
-7126
4761
-734
3068
1997
7974
8221
-6484
8946
940
3769
-8884
-6750
-5364
7000
1266
5719
-6888
7269
7034
-9136
5623
-4459
6104
-4465
8328
-387
3374
-2008
3627
1746
4573
2354
4258
3950
-8419
-1929
6212
7979
-7459
2723
-199
6301
99
5011
-8841
-1925
4979
9821
-6845
-1842
-5717
-9256
7599
1340
6823
6341
7336
-719
-23
-9484
944
3316
5247
-8960
-1220
-7726
1324
9615
6822
4421
-6122
-2605
8012
4633
2204
2447
-8117
3441
4816
-1695
128
-5682
-8692
-1125
2785
-6647
4628
-4417
3566
8402
-7507
-9909
-4626
-9447
-2644
-7995
-1252
1982
-1548
5974
6380
-4892
-5860
-5537
7033
7068
-5904
2227
6923
390
4743
9829
-629
5350
-8932
8300
5321
-6004
3021
7232
8248
-2296
-5276
-9038
8884
-9089
-5537
-7891
-3139
-873
-7163
6626
3270
-5813
-6344
1196
-7382
6629
2871
-4193
-9415
2877
3287
8289
9364
-8623
-8999
-163
-7339
4217
1132
1584
-1392
-8277
-9838
-9964
6303
-3242
-8907
-96
-7125
-5319
-4896
210
-1321
4107
-8794
372
-4813
-6271
2517
-3546
5580
-8371
8954
8410
-2260
-8972
-2280
9976
815
-2663
-3211
1965
9337
1516
733
4476
4559
-1157
4925
5135
-6916
-1549
-2564
9539
1287
-8973
9317
-2916
-8646
1816
7174
-550
-3818
470
-6899
9341
6198
4721
-1121
1229
-8106
-5823
8355
311
-5780
6391
1237
-2003
-8808
-7440
-7811
-7638
3179
8699
6924
8680
-9029
5152
3131
6618
2256
-387
-5847
-829
7648
1009
-1644
575
9512
1924
7035
6747
1204
-1896
3834
-9992
-2868
-1594
4691
-5581
7645
1573
6696
-4493
-9013
4822
-9540
4538
-8955
-7387
1266
3234
1468
-9917
9333
5727
-5816
-4513
8716
8911
-9190
-1118
9569
7887
-1934
-6824
7183
3638
3237
7969
-8706
2236
-1614
-5400
6701
1589
-4659
-1663
4657
6364
-79
-834
9456
9082
-188
-4898
9922
-1613
-8257
-2928
7976
-1575
-9358
-6922
-982
4346
-6837
-7963
3844
5644
1186
380
-6296
-9498
-8304
-8922
8335
1391
-1530
-8924
-7200
-7839
3912
9358
-8011
-172
-6771
-7268
9923
-8090
8819
-1630
-5981
6941
8470
-7011
3313
-3279
5991
-4829
2665
-1860
498
-1430
5722
1909
8993
-7314
-8185
-265
-2989
8742
6756
-4239
-5987
6447
1414
3954
-201
-4990
9516
5827
176
-5658
-5786
-3091
-7710
-7302
-6813
-6490
813
-4654
133
-4773
-3163
-3187
8608
-4673
3312
1788
4837
-7255
8559
100
-3748
-6966
5278
-3692
9638
-8342
-3502
-5874
2067
-3875
397
9501
4952
-893
3896
-965
-6302
3831
-4569
-9626
9835
3262
-8224
2035
2069
-6348
8105
7912
8080
-8134
1134
-86
5328
-4871
3448
8110
5944
-4013
6529
-1383
-6117
648
8608
1909
7261
8905
464
6714
-6761
1393
3654
-4028
2659
3888
5228
9700
-8856
1223
2294
6167
275
381
4774
676
8033
-2341
8407
-4584
-4179
7135
-9571
7351
9803
8089
4261
5063
2962
-7080
-6741
-5636
9819
-1619
-1706
2854
2542
-832
7572
3736
544
9269
5246
6372
-6662
6332
-3293
8144
-4288
1571
4828
-9480
-6731
283
-4905
1533
-5753
-3804
5140
231
-2376
-4227
8969
6389
-2404
5632
2500
6981
-1474
-9514
-7752
2862
-1822
-8324
5699
915
-1332
-5324
-6453
4943
-1680
-8114
-9163
1932
9309
854
9995
2319
-4637
6819
3339
4789
-7970
-4249
5411
-3757
184
-6085
-8952
-3115
1276
5026
-9969
-3452
-6497
4137
1373
-6735
-7397
457
-1648
7586
-9014
7169
5981
-6964
2016
-847
-9695
-1357
-7483
-6224
2008
-1444
-2966
-4249
-3001
9551
-5059
8301
-8627
7020
-7738
-5468
2113
-5698
-5079
2852
-8915
9613
9497
-7488
6095
7370
-4624
-9626
-9460
-971
-4698
-9648
-5456
1557
-9065
-6690
1416
-6611
9327
-5049
9400
-5412
3750
870
-4223
8697
-2172
3728
7960
-8475
-3801
-8716
-6612
6560
-9289
-8761
1953
3932
-2835
1336
3507
-3566
338
-9250
422
717
6998
-799
748
-9777
-3943
8311
-4415
-1692
-587
-8204
-9148
1450
6444
-6740
-1293
8882
-3192
878
-221
5724
1069
-8457
-9242
1683
-6468
7472
-8300
-5087
3259
-1187
-3617
4602
-7679
-7778
-8043
6534
2610
-5232
2403
5977
7007
4456
8102
-8532
2922
5485
1405
-1136
6248
-3233
5247
6721
5352
2742
2938
8955
-4265
-6641
-5010
8459
4288
-7407
-7235
-2485
-6736
3774
-3065
-2150
2124
-5045
-4351
-7945
-2400
-4869
-1533
-5993
-9502
-3507
5042
-1478
5932
5988
-2495
6024
6328
-353
-1623
-744
72
4080
-8510
8259
-3177
-9996
-8892
-4526
8463
8600
-2039
-2036
-5993
-2662
-5148
-6247
-7209
1575
-3632
-6271
-8001
-6990
3036
-2775
-8382
1812
8462
5396
-1933
-8772
-3885
1224
-8262
942
5188
6975
-1292
-1560
3630
3968
-1141
465
-2983
3533
3717
6659
-9666
4395
1384
5571
7251
-7556
-9129
115
-9802
-4740
1056
198
-3301
-9547
3971
-33
5939
-4520
2134
-8321
-5376
-5659
-8266
6236
9324
-9957
4018
-2761
3843
-7804
-1730
-5908
7422
-1683
2264
2434
-4637
-5994
-3293
8249
2902
-3638
5282
6921
3211
-1967
-1518
-2351
-8793
-7297
2661
5286
7625
1140
-5023
2598
-3170
6746
9577
-6041
-9307
3773
6476
5480
-7818
-5732
8230
5181
-1899
5178
2669
-1399
-9234
-241
2819
-400
6938
-1437
2982
8901
-5999
4711
-8988
319
7675
451
-1640
5653
-6501
-9634
-2387
8031
2606
-2527
-1991
-4279
5962
2220
-4515
-3806
-3066
2482
-7640
-7781
3022
337
-4263
-4014
-3206
-1525
2963
4442
4778
2183
1431
-1299
9494
2438
-2300
-2333
462
-4835
-2336
461
7397
-4309
8937
-3497
5745
9612
8075
-98
-6995
-2240
1085
5431
-6588
-9493
-7242
-4624
8117
8821
-9182
1162
826
-4990
-6277
1544
3975
-6246
-4666
4037
-7877
-1510
3954
8019
-2086
-4228
-7275
5779
5713
-6145
-5193
-2389
9636
-6210
9451
8500
-6272
-4593
2455
-5172
-3524
-177
6156
-5584
-6816
5577
6232
-9877
-8529
4651
358
-9447
-2777
7712
3691
-7543
-3740
4812
-9161
5866
-4666
-766
5198
4274
-6763
-5998
-3260
-2941
-4868
-4807
-3805
-5667
-5694
2557
1750
5814
946
-9786
2831
-1248
-8361
-1941
-4987
912
8128
-1956
1612
-3624
848
-5416
-6307
-78
-260
6760
7384
8225
-4363
-2897
-5371
6014
-5670
7870
-1819
-3516
-4437
-1514
-1404
8835
-5911
-5460
-2960
-47
-5266
578
2627
-7281
-2541
-9164
-8623
-2134
-9984
1069
-5070
3313
1677
1757
2819
2902
1392
5838
-9646
7986
167
7564
9330
4265
777
2472
1747
9505
5910
1628
7445
5778
7896
5370
-8321
-7441
-337
-1223
4063
-4010
-4910
4796
3579
-6339
2136
8958
8956
7309
-2009
-5494
464
-8466
-9682
-5063
-4677
-3587
3137
-7710
1495
-8477
-3174
-3534
-7337
3595
4730
7066
2272
633
-933
-9189
7408
-8144
7371
-9328
-7077
5490
-6022
2467
6555
-7727
3995
8572
-4029
8572
-4777
2175
2844
168
-3997
746
-6630
-2929
632
1435
-3338
-1987
287
7556
6127
-1308
-8769
2951
5882
3962
-6921
5686
3709
3161
5105
1326
7158
6506
-639
-7872
2958
3487
4478
2950
1151
858
-4242
3502
-6415
-5051
4773
-9513
7542
1081
3833
8028
-3183
-8863
-1026
-4084
-5600
-3046
2060
-9550
1522
6374
-6967
8602
-6329
-413
5695
8142
-2443
-1825
-7483
-9504
-3959
7104
8692
-4898
4608
-4369
9904
-2058
4412
4601
2060
6742
1764
8775
-9087
2854
4649
6917
302
5474
3982
-9481
54
-156
5959
-9633
9132
-6510
2891
-815
5087
-398
-2177
-4403
6803
-2271
3990
-6377
-7166
4701
-7571
-3957
-9031
-8423
-3782
8992
8968
-7196
3076
-1414
-2673
-7355
7777
339
-3908
-7156
-5167
2683
-1276
7441
-9668
-7666
3984
5380
6177
8278
5734
732
-8421
3989
-8560
-8024
9562
-1921
-4186
-9925
-6637
4887
-7473
-5316
7808
9464
-4177
-3124
-5435
1265
-2119
-6443
6329
8382
-8282
5430
-4401
-7604
-7219
-1757
-3883
-5668
6463
-1255
-6324
6776
-7731
8898
5462
1892
3910
-4342
3896
-7579
-8773
-3449
-1887
4323
9837
-6887
576
-9898
9711
2641
-2977
9409
-2491
-6152
2887
6901
3868
3472
3736
9710
-7504
-5410
-8561
639
9006
7646
-7422
6398
-3023
-5723
-6093
4904
-7033
-6162
-7770
4605
2332
9466
5868
6517
-2047
-1388
-1079
7902
9384
-7318
4422
-5154
5297
-7561
6168
7816
-9438
6862
-3742
-6544
-8843
-9555
3789
5706
9629
8528
-1286
-1368
543
-3592
-7909
-8068
-1307
-1816
9340
36
1289
4298
6573
-1246
-1954
-7404
1084
2795
3352
-7793
4927
5690
2909
4450
-8688
-4942
-4231
922
-7210
1672
-497
-2842
815
-5474
7365
6966
-9502
468
5477
-2225
-2948
224
8129
-923
2266
-8127
-8080
2026
4378
-6053
2117
-6708
-7136
444
-6945
-3920
-4402
1041
6875
7568
-294
5745
8407
7470
9113
-6444
6170
8493
-9219
-7576
-3458
-6799
6087
6216
2651
7981
-8230
8506
-4509
8186
-7374
5475
-3332
-8802
-857
-1383
713
-3015
-6981
8145
9390
-2961
3668
1565
-6008
9703
-1795
9899
-2416
7757
-9940
-5454
-2498
-8954
-4856
-8740
1909
3577
7429
-3926
-5775
-5012
8079
544
-867
3698
5448
-3387
7369
-3302
-8687
6229
-6961
-1718
-6530
1685
-5540
-2004
-206
80
-5945
-4005
-6505
-6429
-1269
1759
-827
-7884
-2190
-3488
5314
2026
-6785
-3942
-3573
-7140
8723
8128
9561
3785
-216
2260
-4105
1079
-8672
-1210
6304
6674
-6838
2954
-2228
-2777
-4397
-9356
2131
652
-2152
6803
-1328
-1306
-2516
-4768
8873
-6736
7776
-7359
-4981
9342
-5044
-3368
-5361
2231
5219
5396
724
6186
6647
1343
-9626
7403
-9546
6657
-2653
-3316
-224
3091
4666
-1767
-4599
1383
-508
-6637
360
4780
-818
-9492
-1553
-7458
-7577
-8298
-3807
6757
3331
509
9637
7547
-9686
-9730
-1123
7531
-7964
7339
-9834
9032
-6525
6666
-4260
-2680
-4194
-9800
-5658
1211
6100
8287
7140
-5723
-221
5533
5666
9601
3718
8683
-1317
-9460
6435
-6072
3323
3087
4004
5582
3290
9008
9444
-8499
-329
-3368
-2361
-9861
313
-5152
