7048
4539
6293
7990
5221
7149
1938
9582
5675
6286
9939
3959
5904
4025
3864
5192
7030
3128
5635
4208
3439
4452
8425
9001
5707
746
3991
9392
2827
2077
3844
7747
9341
3917
5465
8163
8425
4548
2799
6298
8341
1647
9919
4182
1392
6503
6093
9109
986
8059
7597
829
4680
7124
2130
4617
1727
4567
9593
6836
2781
1748
1714
7970
7568
5109
7897
2218
7541
5383
4477
6573
1293
1891
4965
5250
7032
6876
5947
8715
2445
6057
8893
7215
3543
3297
1239
5781
876
2460
5436
3939
9691
7975
3134
7253
5239
9612
9554
5355
3405
5243
7698
2017
7571
6427
8252
9970
2243
982
6424
3705
396
5311
490
580
1953
9522
2729
3969
2726
1417
5690
5240
2877
73
4014
8504
7302
4443
5610
4914
6107
4491
8718
8962
435
9741
1337
3992
2333
6885
7255
3541
4759
7117
6806
7151
8102
4153
3302
79
2505
4438
675
5090
5720
4333
2441
2186
7286
4314
3279
8384
185
9884
7403
7269
490
5670
6693
2242
3161
5282
7230
3766
3471
6987
142
1162
8382
6444
2176
1526
3890
8433
3280
2546
708
8172
8423
1816
3830
7803
9046
2631
6604
6137
3798
4357
8607
5048
2709
4874
133
4281
1299
6562
9558
2982
2942
9767
4220
7008
5287
7182
8957
3583
2636
990
7759
1154
5327
5182
7473
827
6816
4138
7402
612
4366
2987
2883
5125
9365
7862
8359
6855
1700
9117
8673
8125
6141
7309
9602
7356
7875
2294
512
9576
2622
9202
5074
4654
9090
908
1817
7061
8459
25
4099
5599
7132
7035
9233
456
2732
6244
7857
5775
1406
18
1382
3561
4155
5153
9860
6691
6694
3512
2664
5929
4396
7888
4264
267
3046
4703
1663
1932
2342
4543
6618
6693
453
201
2029
6336
2922
6847
4309
5820
4323
2443
353
8932
2665
5766
1301
260
2812
8816
6052
3212
3898
7881
7857
6402
1322
8695
6569
1365
9399
5371
874
207
4068
5237
2430
3933
1781
983
8882
9160
4879
5716
9238
8980
7189
930
5777
7883
5223
3503
8976
1651
4677
4609
4455
5959
2557
760
1562
4327
1132
5274
8857
7835
7915
8149
7230
6038
8631
9418
3097
3587
2426
2153
2357
299
1805
985
1570
4522
2811
2767
1609
8015
8187
9357
2970
1131
8024
3964
4066
1394
1135
843
8601
8726
7356
227
7975
4623
2784
431
8411
5021
6940
6201
6270
872
567
9637
8217
6067
1428
339
6131
6089
2595
3448
4512
6724
1538
5571
6537
669
4995
7705
4527
8890
9362
6756
5514
2794
831
5182
1459
9819
7237
423
4589
6638
6892
9373
623
6622
3776
5838
7845
8738
8352
2225
7568
4585
8409
954
3846
6044
1358
4111
8056
5505
6171
5586
7962
2864
5582
1627
3755
9532
9721
2630
8810
4151
4995
1709
5567
5095
6893
1160
1401
1463
1563
6582
413
3572
7766
857
8059
5959
4880
3668
2658
9651
1582
137
7815
22
8837
1639
8289
6653
1052
8672
4494
1157
1469
7120
4615
3237
1021
1575
4713
426
3158
4838
6161
441
1594
6771
3959
2398
797
8393
1881
7696
172
517
4789
5065
5445
3417
8803
377
4554
9042
1440
6083
9683
5581
4572
4678
5416
6325
5137
6117
1481
7244
1981
7976
349
4321
2297
1504
4355
637
4031
7640
8420
2782
5318
9130
6380
1784
2723
2622
8861
4675
8793
7474
8637
630
4339
8184
2342
1426
6555
946
3137
8216
1361
9820
5945
9379
1794
9541
7837
9349
1428
2874
85
7493
6051
4240
7027
2989
9611
2276
2751
5916
4895
6241
5486
6547
5998
9520
9802
3673
8036
4311
4705
3029
4039
1851
3689
7968
8536
2925
5691
9954
1684
3635
8980
7019
5411
2247
7929
6187
7948
7507
2706
4913
6409
749
9146
9891
8847
845
4585
8348
5134
9333
6169
7454
2323
5318
5648
7707
3824
7093
1631
2739
9817
822
4939
445
9718
1023
4938
6103
6744
8616
9603
5033
9538
3545
8602
333
4095
6026
1460
7404
6938
4108
270
8602
6506
8016
4924
5113
9847
7104
9563
9792
7751
4155
5279
9208
2383
6479
3468
3423
2239
2164
6664
7609
4427
9507
3729
395
3276
3007
4065
1860
9028
7761
2412
7537
5619
2487
8695
2008
72
8880
8859
6485
6647
7488
1240
4996
8720
619
4840
4081
9702
8463
1479
5344
9354
8478
4248
4022
3103
5386
822
831
1391
352
6897
9977
5176
8648
3431
1920
9378
2592
2818
4497
4156
305
324
9037
8550
978
4270
5907
7291
6888
2814
6672
5676
1974
2761
2343
6142
1648
6992
6207
5096
8285
5209
9110
9607
149
2207
5612
4847
171
3382
1151
5562
8147
4883
3709
3468
1037
6876
6455
8588
8993
9940
7862
9920
4258
1268
5923
3123
8890
5011
6508
2476
4728
663
4066
7378
1322
9889
3734
5864
5751
683
7881
6699
9441
1627
4723
3049
9309
6228
5684
5658
3443
5596
3588
4335
722
2291
731
448
3893
8986
2323
6476
9240
8280
4610
6405
5376
3345
7109
3048
9715
1514
9056
7717
3980
6044
6794
3193
9887
8125
9002
7025
3262
1965
3835
3867
4764
5396
4367
156
3804
3890
5772
723
2439
5446
5135
806
7028
9345
520
6178
1497
2448
2230
4257
183
8154
514
9285
4225
7972
7825
7712
20
976
2192
9355
8795
8538
7183
1269
2550
8024
4572
4336
2787
6207
3575
6575
4777
3179
54
1193
3589
6364
9411
6805
7238
2926
8386
3914
5969
4495
504
5527
3948
9927
3070
2803
1020
8211
6629
7662
2392
8294
9975
7926
4113
6378
335
7348
1631
7159
6318
2503
5322
1894
4177
8010
2315
1137
2163
9235
6065
7208
9620
3484
9055
5845
9063
1027
302
6316
9149
3478
939
8154
6488
226
1260
882
3164
1077
7032
3297
3211
9305
5809
9059
659
2334
8579
7584
8852
6527
4165
1095
3870
9104
5705
1514
64
7066
3800
7457
5527
845
9038
2373
7793
1856
4377
7332
5220
9042
658
3965
3391
449
7984
9392
550
8602
703
8397
655
3772
3698
8770
4880
7847
846
725
9864
4568
2716
7567
1290
5520
8381
6117
8330
8774
419
3837
3600
8146
1563
9051
4204
4583
7459
6802
4378
4811
5702
6635
8115
3717
4498
2275
1302
3124
3179
420
9897
2855
7489
2485
4572
4074
7467
6611
6106
9619
7623
5863
4443
8672
1161
3296
6398
1611
3711
2913
1801
7318
589
5882
3030
5098
1635
2022
8376
5988
5807
8167
1483
3957
381
5340
175
5914
9284
2809
4754
2988
6718
9907
2559
2019
9658
2132
604
8675
9291
6115
5476
7287
3992
1364
4963
1792
4519
7807
3387
7619
2804
4831
5441
7987
8085
6390
2207
980
7989
7646
7867
7476
4378
7536
9562
9281
5601
205
2589
1488
9839
5468
9098
4732
488
2563
9850
5799
43
4613
9400
6902
6037
6702
8805
4484
1901
614
2380
5960
9534
3220
3789
8568
7788
5754
6968
9857
7798
906
741
9550
3785
8340
3066
6541
2270
9722
1583
1372
4745
4359
4495
7394
3460
5043
9009
1065
5980
2953
9867
1457
3155
4296
6069
416
886
8191
5704
7564
3526
5751
4565
4690
6538
8870
8580
713
9628
7755
4904
5485
511
1579
2056
3980
277
1389
3340
7683
7668
2488
2511
3219
7595
9837
6682
9979
1341
1857
863
348
4503
9051
4950
7054
5133
2250
1123
6615
6303
3815
751
6923
1545
9688
5061
7356
9873
9455
8027
3200
9307
7374
8300
1153
4145
9540
9570
785
7701
7599
2
2140
7590
1058
5128
1955
7132
1022
8780
9237
178
4918
125
3074
8743
9370
9206
2684
3523
3915
187
2117
4275
7638
3973
2919
7926
3632
2391
9794
3057
991
4160
3067
5788
3880
2811
3715
4258
8258
687
6265
5561
9777
7945
7890
3298
9659
5062
1342
7725
7815
8661
7444
1789
5200
9753
2504
4999
5262
687
9828
2711
8615
1765
7706
1701
1097
5982
9835
3372
3138
5866
2112
6216
1253
2101
6342
2537
3158
8529
5014
83
5878
1903
2880
9242
6716
9088
3840
3772
3558
5487
7894
4549
8724
7241
1975
5727
1108
5753
6464
3751
5498
1439
3141
1247
1015
2216
9571
7571
9767
9643
4958
5698
1988
2321
7609
5619
3152
4883
9493
5735
978
2198
2723
8658
3712
5422
3275
8688
9736
3916
4303
5609
6697
7513
4243
607
5888
9702
9653
9522
9221
3971
9123
4387
3177
1442
5101
3214
7078
6530
3064
9926
8909
7876
1652
1713
2063
6477
4340
8031
15
5132
1497
9081
2776
1968
5005
8023
9849
389
3124
2782
5745
5170
3729
1789
6022
4724
9366
2661
8616
2467
6594
6952
156
3512
1603
8367
4460
5152
8113
3102
8923
5397
4767
8691
6193
1150
3708
5413
6491
7486
9163
8655
3902
8846
6263
4838
5206
6894
234
581
42
4892
6960
9385
3963
6561
7005
3006
9574
3784
6900
6880
3027
7613
8649
1941
7310
3066
9614
5776
8517
4770
9639
8167
129
8798
8117
2678
4779
802
3070
8936
9410
2428
3648
9288
3572
7922
410
9916
3324
802
5413
8576
2705
6743
7003
675
1063
3327
464
4990
8839
4222
7364
156
2057
8631
8901
2582
4233
9121
3530
5804
7943
2826
7331
1762
7428
920
2903
327
5724
1250
9822
7788
1642
5385
3256
1007
4452
4540
2086
4077
3366
9409
6741
5519
8787
5794
2342
3233
9837
2163
2495
9620
2977
6329
278
5249
9736
7240
2662
2357
166
5058
10
8710
2630
19
8482
7270
775
1775
6899
6852
708
6805
8498
7347
7285
4445
9603
4687
3762
2802
8681
3188
9177
9093
1287
2392
2854
9060
3337
453
4487
7995
5735
4000
4398
2928
5287
682
8310
5869
870
7084
7788
2804
858
8349
8827
117
3193
5414
2651
7709
5939
3356
4952
6655
658
7011
4547
4145
9551
9534
6629
1576
6435
8261
1109
4233
8170
4666
4257
4168
9458
1494
194
4950
3906
4148
5916
7301
3827
797
9625
7957
9785
1840
8585
8423
966
3437
9465
3375
1192
3789
4382
9695
4849
3811
3592
1095
5244
8840
6094
9281
6708
4012
4529
2050
3130
1798
7724
942
7510
6063
905
3671
9483
8221
5549
5548
726
9173
5214
6733
2224
9996
7732
8425
1151
1939
3258
163
2125
8406
9156
5756
1936
4813
156
4321
6479
5351
7712
6579
6631
2913
9070
5569
1754
9333
2911
2948
9636
9246
9133
782
5698
6603
521
7076
3273
7931
1323
1088
5243
5715
9680
4156
5848
5729
5069
2431
5303
5148
2979
8394
842
5794
946
4237
2550
6679
5410
9849
8442
4930
2715
7750
9044
3242
4820
6439
8944
798
287
7221
9224
5068
5266
6030
747
975
9206
4975
4953
3287
6352
1438
678
4580
6943
5805
5196
8212
7403
9426
2164
4643
9129
2673
5444
203
1977
2585
147
5561
7947
5296
9454
457
4703
4860
1908
1746
8434
5854
8629
3623
8652
3573
5368
942
8383
3900
5582
731
6643
8669
283
4073
6684
3776
4798
4322
3084
3063
4586
4170
2781
7818
1815
6177
6463
6476
7407
2674
2636
4647
860
8165
867
7359
3901
9027
2777
3056
9956
9267
8435
4164
8020
928
353
3719
4362
9860
3069
3158
1191
8140
4322
6085
8638
4500
7602
7683
972
8570
1689
7560
2404
1587
1096
2365
8166
9815
8391
7235
779
3411
8652
5354
7070
3542
2325
3768
5985
3832
4933
4585
682
1420
2733
9599
5938
5133
7132
8247
1763
7898
5180
6475
520
7170
8414
3727
7863
8464
674
2852
3627
8368
5958
3924
415
8527
9759
9307
7952
3315
6275
6524
6549
6674
8633
5977
840
6163
9518
7466
514
9050
774
3409
4932
4525
579
8578
5304
5345
1059
2365
8691
453
6506
4336
2968
7979
5279
2546
1403
4430
7662
7081
2832
4159
3108
2376
6177
1725
942
1855
9473
81
1359
9218
7651
6153
1426
1611
5259
4529
5105
9423
1138
4385
2328
6395
3682
9168
9658
6593
3263
3259
4864
7429
1512
9320
808
3933
7143
6929
1978
6700
7812
1219
9172
7042
474
4543
972
6668
4050
4305
2136
4435
4271
8947
252
2334
4196
5052
2960
5852
5725
7189
5389
3429
6391
8126
2974
4525
8650
2078
3576
4133
8859
4835
7418
3929
451
1704
9957
7197
4153
3518
1557
6511
5598
3619
5443
3942
8401
9397
8869
2057
1516
2422
1061
6749
4590
2355
2282
6221
9567
5723
7440
3130
1831
9021
2104
7775
5310
2535
4369
5786
2414
1750
4480
4917
3430
8892
8875
223
1087
9100
8749
1633
3291
1867
5090
8684
6651
8842
8774
4247
9028
6661
9796
361
5801
9384
997
4497
6187
8540
100
9744
7577
6273
3048
2659
3285
7239
9981
1572
9319
7620
3332
9661
5468
5627
7618
1854
3243
9878
3212
8357
9633
6784
1257
4215
9061
3770
6759
6777
6537
8730
8974
2959
4159
3039
1118
2780
2262
7564
7835
9419
2031
262
1170
3841
7395
5207
208
8308
0
1385
5812
8082
6325
1865
1020
4954
2629
4944
9711
1167
7053
3290
2563
1781
8625
9903
9038
6933
574
2746
4544
4065
7742
1938
9042
2790
7828
738
4321
3591
3853
7460
8489
6992
2650
5538
8253
9130
35
4856
9966
8108
3448
3947
2279
699
7982
2500
6776
4994
4059
6791
9426
6384
603
321
5613
4439
5812
9684
4072
9911
8126
4948
3610
7367
1669
1739
1895
1728
1352
7133
8969
8069
7558
235
6361
7253
7335
7131
7986
1359
2572
6492
1617
2663
4888
8761
6190
4972
317
4387
2960
8417
9214
7113
5113
6974
8905
7815
2751
6067
8345
1354
7314
4617
6461
6724
7122
8129
7031
6718
8486
4450
27
1845
534
7744
6637
1117
5654
995
6703
9197
8274
5174
1229
1314
38
6696
2479
9005
433
7679
1385
7587
9248
7940
7618
6734
5048
8904
3627
4330
8262
8471
2913
7806
2358
951
1659
1601
210
2550
1592
3310
4630
5895
4896
3335
1444
2291
3955
1841
369
6989
8240
1626
1120
9104
1957
8794
295
6838
2078
776
4592
823
4136
9446
4049
7347
3516
8557
4495
4953
9767
8642
1510
325
2408
5973
4951
1650
2194
6577
1856
2951
5165
2332
8000
1574
7432
9069
5902
3022
4527
6394
384
4548
171
3220
225
6460
874
7462
1923
8785
2934
7120
9708
6288
1974
5581
7890
7015
7027
7916
1466
3277
1375
1103
5067
4783
8782
2223
99
7484
7557
6589
6810
9474
5109
32
575
9134
6393
1541
2230
7569
5587
7762
6642
33
9319
7585
2915
5791
9247
9072
7491
2116
2121
9850
661
4664
2245
1072
9694
8881
3297
3171
9697
9413
4679
5745
5860
2714
507
206
3683
6674
1549
8918
3548
7248
518
2156
2332
1248
5276
8844
4490
7535
7105
5420
4622
5536
6073
4659
4299
3399
1192
7798
1218
2474
9729
4063
7219
7797
4597
6220
2834
7922
5487
3007
9908
6360
176
9557
5424
447
1778
4152
1860
1918
9942
6183
6042
2102
3598
1227
7806
2862
3148
9370
1402
7818
7958
7625
4162
5751
8777
7891
4105
7238
686
3923
387
56
8288
3663
8635
5052
9760
2958
2562
2226
3215
7872
5421
8565
3996
9669
4947
2229
2649
4266
6628
1071
3701
1447
1909
5942
7252
5318
4911
754
8298
7727
6231
9064
7701
3142
990
5277
364
7124
4107
3965
3662
3217
7241
9277
292
8437
4009
4091
3168
7451
5547
3635
2719
1034
6335
8822
1075
6657
7897
185
9033
3942
7100
2868
3575
478
5923
6516
8045
3729
471
125
4438
3305
2117
3308
780
2721
2545
4567
7722
5228
859
3308
4273
6261
76
4028
1725
4325
2058
5345
5370
6882
8460
3903
2720
9274
5835
8685
3709
4210
9101
6938
7074
4409
5759
6832
9256
3957
2101
7285
1091
1365
3010
4705
296
1924
3986
7630
2433
7245
3823
423
927
1233
953
5528
4458
109
5610
7058
7314
1748
4836
3330
4715
1678
1347
9973
9162
524
1661
6507
4757
7998
609
3973
3458
8213
3060
6921
3526
2293
5361
8436
621
5415
7357
8985
2547
1701
9304
6638
7966
6586
8403
5165
8346
2785
4443
1646
2820
8008
2925
66
5492
4330
6145
6116
5083
3720
4654
2347
6394
3266
3356
1371
9015
207
2888
4002
3435
9015
742
3379
9790
9566
2851
1530
8422
5065
1166
6243
3786
2956
566
8886
6567
5880
8733
4240
3756
5554
2068
9330
5890
5816
6947
1260
6949
7728
2468
7329
4374
4852
3644
8206
4946
1052
7696
1582
6247
8572
1396
1290
8410
6281
1659
1774
5293
5047
5052
7125
9373
5625
2414
4325
8635
6020
2007
8656
5495
5834
6716
6528
1455
8091
3565
7724
4898
8481
4300
3207
7526
9381
1303
8593
2222
4973
7464
5913
2193
990
7011
5043
6691
9856
7777
7793
4146
4365
7816
3430
5363
9068
2055
3611
5990
2044
1541
2568
3925
626
8140
5207
5536
3484
9703
6786
9410
2097
8460
386
8610
8144
4789
8899
2040
6987
169
3337
1975
543
2104
471
8691
6930
2161
9570
7040
1601
9466
7865
6976
7444
7173
2248
2631
8054
3461
8154
5639
1530
5723
895
5690
2926
4266
2278
6685
3806
2568
514
8661
5470
5012
3830
3860
6091
7744
1757
2494
7855
6202
9457
8260
4568
9642
6446
7436
8450
5029
9972
4594
5388
156
4752
2078
586
7848
8462
1060
1471
1876
2881
6143
334
2857
8338
7599
6906
4931
2978
6347
9244
6081
3140
5720
9033
1410
1371
5281
6200
6067
627
5929
7208
6933
4648
4141
9426
9390
7134
7243
3237
6408
6970
1715
5521
3760
3564
3850
9229
9902
8239
3698
6504
3150
5138
9486
3489
8343
5739
7
8142
8134
4789
4867
7809
994
1369
2324
3746
9129
4574
9114
8383
72
4112
8906
5231
4655
300
3877
139
8691
5480
2809
3281
3664
8863
9852
5305
845
6585
9512
3117
6961
9548
5606
3526
4460
2581
8543
970
3822
4260
380
6495
2023
4843
8129
2853
1062
9709
5761
996
3425
3053
1733
2586
1473
5984
2928
3308
7595
5924
9493
8423
8770
4279
2312
1067
1672
1362
1844
4168
9782
6514
7483
6198
3428
2107
7004
3795
6255
4660
3107
3282
9162
3319
1894
6216
4998
3010
2983
8792
3458
153
6776
4148
2350
6437
7321
3067
8097
3635
5416
8732
8559
3885
3993
4667
4219
4271
3568
9559
6494
7911
6567
2204
1732
6993
4027
3584
5151
9595
1253
6668
9813
3848
3478
3113
2695
3480
7938
4794
3805
9293
7743
7545
3414
982
7705
3285
8673
6601
7640
8307
4375
4772
4828
4362
9404
8625
2794
2577
640
6213
887
524
3493
8721
3613
695
8707
1994
5146
5555
2325
5938
9817
2744
4785
8012
3398
9635
6466
179
3459
7997
753
9662
5381
170
7072
7848
1850
389
4125
2643
475
300
813
3373
4053
4690
9663
5778
3604
8330
3625
9141
8386
8111
3436
9429
2372
2552
6251
5285
6472
6296
2839
6255
608
1422
1743
6010
4502
8216
7673
2360
4430
9984
7156
2333
2245
5231
3586
2355
5645
6505
3463
5338
6960
8294
9844
3263
4116
14
8633
1354
3259
6282
5847
7
1254
2333
7910
2362
7552
8660
2926
2084
6794
6925
1081
4500
1088
6050
2447
8646
5222
5395
8302
4408
9280
1882
6935
6386
7917
976
8438
7149
4108
2542
5726
4573
8544
7637
4178
9660
4368
1030
5023
5047
8479
9079
8766
4007
218
1669
3315
9602
7937
2415
5612
6646
6481
9753
1037
962
1399
7336
9218
2592
3782
9513
7901
3494
3856
3054
4206
8174
5790
3496
7440
3271
3971
164
2888
7373
7005
8151
4457
2269
5410
6732
4978
3813
4828
8918
9532
6609
3858
9813
5232
8243
3540
40
11
8891
9537
1906
3635
8218
9914
944
4326
9838
7944
1328
7085
5329
6591
8151
1614
700
2981
2476
1583
8799
4793
6084
2416
5646
1433
9952
2092
6683
6971
3701
8302
5705
8358
33
4019
3520
9206
679
8776
9222
1885
3903
6218
9572
1217
1992
8669
1946
6910
9594
7855
689
7615
7513
9921
7764
6869
8693
9771
4264
1579
5956
7827
3338
9072
4824
89
6456
3627
8462
6359
1734
8188
7469
4006
3763
7848
9066
4300
4117
9450
6729
4289
4821
1371
5113
2936
2045
9429
6503
465
7579
7542
2685
7875
2493
4046
2957
4562
324
3180
4055
6596
8058
8477
9928
9803
7479
9181
6186
8412
9019
318
5539
1329
5126
3413
855
4004
6682
6453
3045
752
2334
9449
6133
8169
1794
4729
3303
5408
9167
577
9079
7872
1218
6836
8550
8026
5268
3365
415
705
9091
5786
3807
5957
4358
9170
5983
3879
4200
2601
6497
4118
192
5916
5907
7927
6865
955
1478
9
3035
95
1277
6464
6208
5880
4438
8912
276
5022
135
935
1244
1943
9307
8246
548
7089
6876
5611
7042
3471
6696
8651
9729
1369
6647
5220
2421
1994
3013
672
9362
7446
9075
7690
827
1691
53
209
3722
545
501
9424
2404
7775
2763
6900
8657
5617
2095
8151
8072
3666
8372
6105
7306
4874
8573
9764
5186
5667
6818
2784
379
3323
6427
6942
7013
5160
2919
5425
2197
405
4519
3293
3862
2660
9127
3381
8689
9959
6116
2493
6024
4344
9489
7819
4139
6598
5343
2583
5241
7063
5818
9550
9655
7953
3412
1229
7315
251
3734
1692
4453
8867
4002
6531
3658
780
7367
2961
2816
2074
8191
3478
9294
328
7906
7043
583
6821
5493
2793
4368
1046
5199
2857
2783
484
4046
2025
2808
8026
9707
1342
4905
575
7315
4071
2356
7056
8093
7479
6917
3144
9562
1601
6361
5033
1060
7672
1886
1163
5048
2017
954
8494
3971
6494
5787
4292
6761
9053
780
6989
6146
4085
3171
7344
9602
1568
4249
1140
923
5135
692
9044
9939
3252
3224
7632
7092
2967
1897
7151
862
1015
7217
4324
1041
452
891
311
6608
4254
5120
9920
479
4738
8549
8054
4372
8999
518
504
4392
3383
490
4915
6087
4508
3652
7786
1035
7756
6651
6450
8068
4931
2764
6249
6534
9761
7985
3590
7209
6453
6816
5762
3387
127
9168
192
412
2075
4123
3241
1984
4077
1246
8683
721
4671
8123
1674
642
6475
8997
4804
4317
7074
4789
3773
6814
8381
2864
2317
4923
4433
7846
4179
8124
997
5510
7985
3783
3380
714
1817
9534
9235
5005
4971
9533
2851
272
4766
5944
6158
7871
7072
4627
5156
4386
1897
6066
6513
6231
7965
1646
4823
6123
7813
3184
1019
6976
8080
3259
772
1856
6883
786
3051
4202
8006
9052
4262
9857
9909
5266
5218
9774
9758
3143
7188
942
9532
5425
2866
3497
1635
5299
4457
1567
5432
5225
3354
2637
8648
9505
5005
3012
5961
6137
3357
2757
6485
6571
1716
5720
8232
6759
2246
1701
7544
9021
5363
859
4703
7081
8737
1727
4865
1980
9509
7596
385
4748
7050
9062
441
8493
6233
2254
5346
6327
1882
6139
9093
1827
6048
1478
1716
5502
6065
4642
9667
425
3273
7449
3799
6469
7352
5300
6998
3147
6942
8359
1068
7951
8840
8613
2745
2614
4179
424
1855
2466
3286
1491
812
4782
7462
1641
7355
3226
8120
6163
8737
6603
5648
8974
7183
5840
8318
1049
6163
817
6892
7715
8043
9364
7089
7731
6804
1979
3419
4962
9055
9685
1789
6413
3245
6982
4966
838
9347
3269
4149
3680
1146
9877
7076
2615
2688
4096
6184
6665
6829
5675
5278
5730
6479
9065
1753
7979
8276
8177
3048
4324
4495
7254
9534
7392
7971
3553
3535
3786
1701
5732
547
3092
6790
5162
4702
397
6391
3624
1572
2217
2793
9980
5240
992
4735
3505
8736
0
3931
7246
2312
6633
4208
371
8842
1875
9928
3644
4489
149
5649
9186
7026
3117
2670
7599
4767
5004
6328
5498
1670
8266
4291
362
2623
1784
8045
3955
5090
500
2245
6549
5885
8732
8113
1056
2835
8990
5117
1700
7355
6387
321
2073
5372
867
1839
4829
5025
7706
3251
56
7704
3268
9529
5491
6126
4477
2248
886
7180
8538
7146
4421
1234
2459
9379
4699
1173
1667
7616
480
5182
9560
3033
7378
1936
4786
7554
9751
8775
2778
4030
2477
1518
9101
8526
549
263
1609
1829
4990
8660
5296
5345
5379
1304
8131
8251
1680
7052
9960
2886
90
1452
393
8358
8573
6533
5171
3355
5210
7815
8585
2932
4352
2196
587
3729
9561
1728
3554
612
7776
4676
9588
5987
8610
3351
9306
4144
7542
6451
3126
467
9530
9003
4953
7277
4197
6342
7831
9910
2579
601
4302
2484
9232
3263
2886
6222
3884
2748
3282
6425
2570
7566
4343
6678
6922
9052
2225
6687
5367
7196
8529
4525
6135
9122
6993
9433
3517
5016
2776
1447
3442
2499
5264
7103
2368
8360
4615
7995
2434
8206
8820
7365
1776
1985
631
9503
9776
479
2219
6185
5511
3163
8703
4890
5674
5831
9262
677
3999
6514
2633
3053
54
6515
1407
5913
3773
9117
3620
8473
4824
4422
8889
873
4562
6652
5526
3756
1209
3779
5492
4365
7395
1123
6529
7715
5098
7656
6621
2138
6933
5304
4645
403
4539
205
490
894
3993
2469
4960
5413
2587
9641
5049
7232
2621
8103
3217
1578
7193
5228
5595
5913
4952
6794
9126
3221
3304
1686
7257
8871
9057
797
6079
4690
6848
8985
7263
7864
6727
1763
3423
7262
7124
3708
7260
4648
1775
5666
9043
3079
2349
4597
7737
5379
2672
3659
3148
4022
8478
3293
3959
6184
5379
1815
769
4958
8646
446
5512
5251
4333
4005
1646
1327
1283
6518
920
4302
7915
460
3170
1515
3490
2871
9671
6912
6204
6358
5967
3494
8940
3773
200
8170
8457
8163
7899
2818
3156
3947
531
2748
7076
2352
4186
3905
4053
6249
9324
4655
866
1562
3148
7683
0
2665
9447
9730
2728
1741
868
4536
3353
1475
1872
9799
6417
3029
9619
870
6387
6981
1611
6188
3305
9536
2171
9503
3259
9007
3856
3179
241
9242
3962
246
432
2152
1359
9270
1269
4339
6445
6063
3119
3403
2856
6980
1886
7964
248
5007
2796
3213
4350
5906
2616
5110
7762
1366
1758
2661
9468
7886
7414
6855
586
1214
8413
8933
2686
9164
7231
1621
3453
1785
8141
8236
5976
412
9716
1798
8475
4375
5671
600
8269
3172
8253
4188
23
2305
9078
3861
6586
5893
9586
2159
645
3102
9059
5898
8008
202
5187
8664
4253
2758
3188
8274
6334
4579
3145
5422
7329
4320
6323
8928
5091
1895
5201
8629
1539
7865
73
8464
4334
8660
9013
9767
1036
8790
3990
7930
7539
6452
9866
8917
6994
3613
3008
5545
7105
5316
1439
8657
8303
3051
6837
2685
9176
4136
411
4226
5487
7681
5751
3313
3760
4835
4435
2591
6492
5455
5702
3371
1889
8103
9077
4439
8301
7155
4919
362
1835
9191
1013
8219
6038
5109
8693
8613
5336
1714
3195
2655
3658
1405
4059
1571
15
9717
1184
1400
132
6651
8818
6211
2447
5263
7276
2137
5939
3728
6032
8593
1994
3135
166
8566
1123
3036
4730
988
2190
9905
2197
9314
3193
3112
3128
977
3596
8463
2663
6655
8368
5642
7668
8475
2468
6229
9538
62
5986
2152
1804
8911
3177
3647
4224
3791
8183
8762
7205
8061
2300
5229
8341
3482
5177
9308
7769
2236
6036
4043
7024
720
9179
693
1591
1231
3774
2749
3827
5994
4288
1584
5792
58
1351
3999
2366
5185
7041
9983
6617
3599
4535
5292
7672
6837
5856
1171
3984
3811
5934
8343
5498
7455
6573
3625
1223
3969
2557
4241
2496
2451
4869
6121
3070
2339
9665
7631
2916
3630
3120
5667
9242
9445
3826
554
5236
471
4301
1436
7891
8870
2366
8480
8311
951
988
4677
7936
6536
8791
8454
2433
4695
6009
663
1452
1479
163
9214
8981
5977
5484
5042
315
7578
844
6596
9567
1647
9216
2578
7693
4587
7784
5168
6652
6366
908
5959
5448
2768
4751
5592
5032
4956
1025
9475
8081
4601
587
9604
3156
1101
4635
6506
9859
7730
679
2597
266
7758
1181
9436
6836
6478
165
1519
6258
6022
6642
4938
1601
6312
1834
4928
8503
1641
252
1939
9357
9317
9981
7141
9078
495
4784
7434
7371
4229
3524
1542
9444
9996
1439
4108
8145
6565
7363
8323
3019
6921
6772
8766
4415
8265
4716
9068
4236
3644
3065
1311
4903
6390
4657
9522
6057
98
8375
6399
8635
8709
9032
6231
5599
22
9071
4861
6218
2128
9517
301
8522
94
3618
7631
7225
1065
8446
8808
8118
4442
9224
7769
7251
6977
5058
5310
8830
9282
9328
2222
5201
8669
8049
2545
8323
1116
5394
3645
7424
7600
3662
9763
9738
7934
4808
7404
8324
9487
103
6417
5663
3634
3818
2201
9167
6361
4415
4986
9619
543
8067
936
4694
9454
2018
385
3673
7855
563
8934
4444
486
5951
4863
7728
890
1651
1078
724
7780
8280
9466
3113
6538
4955
1101
5486
1609
2328
6607
2148
4914
7883
2372
1947
2599
6823
6899
53
1380
2768
3438
8671
1033
9238
4430
6596
858
5574
8108
5725
3095
4708
3883
1045
391
469
5489
5795
2999
6168
4368
1864
7546
7070
3340
1356
5171
49
7632
2469
6319
2162
146
1388
6712
4965
1839
5954
4787
4109
6084
858
6977
2179
583
4708
5929
9656
7917
6346
9549
7638
4015
9991
9528
5556
1643
5136
2627
7334
1183
845
3895
551
5585
4608
3302
8499
3184
8199
4797
2224
1120
774
8637
1691
7624
3034
720
6748
2354
1640
306
9209
229
7488
3146
8153
2603
3523
2762
6756
5486
6979
147
6808
8089
5647
3877
8261
3720
5566
2879
3783
6465
8669
2465
4599
2935
7987
1189
153
8432
9091
2793
1626
8272
1556
6504
3835
2067
2818
3055
1704
6701
6600
7369
2817
7468
168
4650
8872
8052
4893
7655
1717
6810
5259
707
2582
3405
3121
2091
6569
8124
6831
7843
3723
3017
2283
5527
5911
5938
2339
2848
5245
2123
1868
9032
5236
91
3162
8119
61
1945
485
1316
2029
5466
9505
4002
3432
9990
5418
3909
5083
6010
9563
4908
4632
7252
1394
7090
6963
3023
1590
3026
6150
3908
6718
8056
3851
5021
2280
6661
8320
601
217
3867
834
9690
3091
9294
6547
8672
1983
5014
7511
1607
4166
1301
6715
7139
8960
5959
1736
9544
5408
6634
415
5668
4047
4731
3160
3667
2022
7397
7609
7506
547
6130
8183
6543
9100
5293
6106
9893
716
915
3533
6788
3521
4830
2762
3940
7442
5404
5116
5334
6486
1973
2008
1145
668
2628
9171
216
3606
4411
5103
2896
9612
2983
7840
7474
3655
880
146
5453
9851
5275
1331
1492
2442
8607
5453
8637
801
3027
4380
9828
6031
8380
8347
8433
9755
6181
1054
6898
4000
3172
9177
9842
9565
3130
9358
778
9367
5784
4088
1308
8009
2107
916
5306
8443
3786
1040
2869
5255
9599
3296
6946
4263
7053
7172
1125
4318
5702
5804
5239
739
667
9708
2607
9531
4166
6338
3365
9549
7246
752
6650
7816
5038
5289
598
5596
5967
2626
6433
9609
5035
8919
6361
1165
5166
1969
7898
5054
2748
6385
4830
8437
4467
4351
5616
1365
2481
546
5248
4048
2294
1973
2549
4266
2667
1189
6202
2310
3263
6534
4554
7170
7587
7908
8209
7601
8593
4822
7159
7763
8817
1141
928
6774
3841
5406
4402
9416
261
2959
2936
4632
5011
7038
1828
6053
7054
1927
6424
1054
8087
3819
5414
5997
6098
7433
7782
315
1400
4435
1014
1693
4587
9614
3276
5573
5088
5818
2993
4393
603
8861
9215
3721
6885
1831
1143
429
4045
6416
5113
5077
5526
8129
4790
2912
9766
510
9596
6826
6545
766
1099
1722
7854
5479
9008
3874
2714
876
2307
7596
9898
9941
5677
5545
7590
1886
4131
3682
1648
3395
8796
6898
1508
4357
584
8975
2369
2527
5365
7811
55
139
3703
7401
5778
8616
9553
3006
5059
484
9590
9467
6031
7649
3233
9560
2663
6852
1309
5806
2234
1980
3503
5827
7218
3198
4978
7344
8870
8661
2852
6969
2949
2215
6433
9465
8118
7078
4667
9663
8116
4011
9282
9324
6167
4561
7020
7179
7920
8242
3780
4742
8697
4668
7204
4346
4818
42
6373
4609
5931
1436
7892
2758
6659
8897
7632
4272
308
229
8895
3210
3105
3091
3872
3204
9227
9963
751
4946
836
5493
8824
3247
2744
1564
6616
6691
734
2856
2224
413
938
1183
3773
8608
4758
9307
7226
3201
7963
1393
2369