100
304 216
107 153
367 428
134 409
492 242
363 480
42 303
211 37
479 217
101 197
475 349
498 104
17 88
61 271
349 272
141 486
124 368
301 266
479 59
380 141
24 153
322 152
81 471
17 68
24 401
246 429
137 44
295 149
234 103
344 87
79 381
446 160
185 410
471 159
429 391
386 53
426 303
382 326
166 290
319 25
224 393
107 105
400 153
354 156
500 428
270 219
120 313
320 39
83 86
378 277
444 102
399 26
359 148
349 79
233 26
64 142
23 399
456 494
148 465
248 253
406 282
242 13
329 153
25 105
440 416
232 173
238 424
58 455
187 72
477 477
208 483
484 210
245 276
282 226
474 20
57 107
16 167
17 422
240 48
182 298
13 81
97 484
256 76
145 316
339 141
401 432
197 393
347 489
205 264
147 147
220 98
395 463
462 328
332 244
252 461
471 233
143 94
405 139
53 484
385 218
