100
113 171
201 447
130 316
394 380
101 385
352 344
452 92
103 344
101 222
295 194
274 467
120 359
197 359
42 167
475 55
299 337
313 357
468 379
64 152
432 43
466 421
181 40
38 389
363 113
429 159
51 204
307 400
82 443
482 147
100 99
89 254
257 333
448 127
65 75
82 454
193 141
143 180
344 137
85 210
399 482
71 290
37 65
222 171
197 365
493 108
110 409
250 437
27 60
154 418
499 152
288 53
392 50
292 431
61 171
266 434
312 285
54 471
292 110
57 435
20 462
464 492
434 118
424 343
463 123
349 13
429 364
211 489
469 404
390 130
468 250
232 106
163 325
316 292
417 81
78 410
47 28
205 247
449 326
115 240
28 130
132 262
286 333
139 304
15 91
61 410
45 137
143 368
111 119
17 262
455 354
181 330
438 244
43 312
286 328
499 105
393 122
44 344
470 109
437 373
68 213
