100
197 456
164 262
249 241
369 249
431 453
232 391
72 467
347 458
308 203
18 402
80 114
442 227
139 115
399 103
272 221
483 121
375 288
224 270
134 286
313 289
125 96
462 248
444 331
22 87
175 379
489 65
208 374
471 281
463 70
86 388
159 87
183 423
38 208
362 117
467 399
52 88
306 246
379 315
236 241
469 165
445 449
316 494
285 64
495 481
304 137
226 175
210 217
253 103
317 342
334 161
270 495
73 200
484 474
199 59
129 290
402 476
118 367
482 418
320 276
466 439
252 31
396 333
105 235
402 125
497 242
72 114
126 163
362 478
306 207
112 192
365 217
125 456
309 60
214 62
489 260
249 379
213 197
492 485
136 146
205 485
423 103
289 452
157 497
356 192
287 145
352 27
169 292
372 93
17 178
58 305
400 132
348 294
336 22
463 94
198 10
65 92
417 487
231 291
418 290
422 44
