100
408 320
136 153
243 26
29 381
141 377
98 217
173 338
73 472
330 51
292 277
126 200
65 110
193 210
231 214
89 449
428 98
383 310
174 171
194 198
193 420
192 46
320 344
463 126
437 55
498 219
85 442
31 116
499 245
187 490
167 138
166 219
369 149
47 227
492 347
103 456
50 221
274 129
144 64
384 281
272 308
16 36
206 435
411 193
472 439
415 284
44 30
349 22
315 460
277 453
348 477
237 231
201 88
389 182
404 135
184 134
379 409
412 362
286 359
476 123
111 138
301 190
176 199
416 117
270 41
123 341
380 382
305 252
266 302
37 20
377 138
298 135
345 358
125 467
248 409
194 50
307 328
157 258
228 399
429 39
46 449
267 470
61 181
479 428
168 316
442 418
451 497
132 409
81 348
211 270
348 94
74 325
371 255
323 117
110 58
328 71
226 420
337 274
131 233
300 31
391 463
